903287071236558889
903332442335740004
903311036097118279
903325391706554379
903360614561349663
903354786043277333
903351515140476958
903235857547399208
903242340062359583
903349252279894096
903211265684570153
903944274163433512
903317356418326538
903347718313881660
903313289205927987
903358262655737886
903344854132752404
903299475429285938
903379187119825007
903841480920154162
903284105305792522
903238112849850392
903235326330404915
903297049364160532
903294075812323399
903367911475925062
903371266604548137
903352931401732166
903800979080753174
903215159504412672
903272519530840064
903347143794905100
903367463746547782
903287878325506099
903260538761527367
903328249843699722
903817230901469324
903254594375782441
903270587030466600
903894263841042442
903829784948252732
903274551587254323
903360878559240252
903261845249474611
903362280174022676
903223106729037846
903238214335213659
903375707936284682
903241030869086279
903206829109161984
903344782452072498
903333304151986186
903332157458632705
903267981935640656
903268547663372298
903267958858612797
903947927226056725
903372650712297574
903254922349400085
903276888699572246
903264574143348736
903855662314958889
903291779619647579
903285457712996352
903267900985581659
903194298454016020
903362230324719656
903251907085234188
903304269661372438
903317412030603314
903248255440269312
903378075381809182
903264613318152232
903326708604760095
903855257543639090
903853004170600459
903335696373264404
903312530666049586
903305355755401286
903840720367005768
903373324195872799
903291434453577802
903297598620856441
903353514913316947
903768519232090133
903349236077322240
903236466627465235
903329800305909791
903330080187633674
903374379344343050
903278703935639584
903271009237495828
903256139007930410
903253012254978080
903255720567377931
903305357563158588
903236963367260242
903856421798551622
903373878418620436
903806354135851060
903770250301018122
903210942718935071
903275490977124372
903361975420063764
903355519018885222
903369334469050518
903298088943358044
903781923376226394
903317908938186782
903846734290120745
903263360013963307
903318512448208907
903253420444643439
903270372777033728
903308000431837235
903210530628575264
903829494266220584
903304984077148190
903365639106875392
903326323810910224
903328424892981319
903322628561977385
903219084831895553
903258918418018334
903331963358810123
903373779177189387
903826057285754921
903820803408265216
903270152454422539
903797217003974656
903275160767979580
903263168242024458
903312427779780609
903215492544737281
903281077068648518
903339874873139250
903787077316009985
903350421479886888
903244601995960350
903282453102329946
903248534306979931
903365069461684284
903326297609097248
903210132656259082
903818864146653204
903249082070487081
903201486937423902
903248511779360818
903322294917681173
903261847807991828
903888870083555348
903777120784908298
903232081226784799
903828792773070878
903346386802716763
903266038735581186
903866249279336518
903831571574956093
903784713058127982
903318822499545098
903332647680479233
903315650733305856
903350268102594560
903889062979571773
903319919670747226
903210254895042651
903352970647863336
903231457198223400
903382944725479494
903829572406112266
903289379219443782
903245200175005706
903253343525302312
903274079258288159
903308818216263721
903784685476397117
903375725791428688
903249657721942077
903323725150191676
903359227056259092
903374357680750662
903372583028797580
903238103441997834
903835384990019584
903295756990021753
903291383379546114
903357582578688050
903252029214974033
903298175820001373
903374146954723410
903305874569822219
903252717730922576
903203342296170507
903240604069294090
903244206615695370
903206086528606249
903859252773392426
903252536637685790
903294568982806588
903215457719431188
903311521440993361
903205510180917258
903201533049585684
903272720672886834
903217497195577354
903254639980478494
903265960633446491
903271373030449233
903249481972215828
903365677908385793
903370827452530708
903379423913447474
903889562844151878
903353585448915016
903351250081439815
903329825614356580
903339174751510578
903953877567692820
903314119833309194
903275175540297779
903319095766831164
903223822759653387
903861661612523520
903365730202955826
903949258582024232
903294926752727191
903244292561174598
903198746676973619
903322290274574426
903931007324004382
903279473011613716
903377161539452928
903273133530812466
903381005702930443
903249473185153094
903333349551132672
903346960017268756
903213776847904799
903318319652798544
903367828026032138
903227075551428608
903312279817318460
903204624452960276
903342772247998525
903239998990594079
903784448846336020
903375999809511445
903267323299909693
903298094484058133
903348065560309830
903232300211392553
903353651064631356
903254528118386768
903350850569764864
903356273368637550
903765692606738503
903353845026005012
903293360050147358
903342424103997531
903273860420493372
903251332331368470
903290431499042858
903325685517524994
903210748975644693
903308896049954857
903254225549684826
903248800024494090
903255088351559731
903264145544187904
903843909711589428
903211088265478154
903314134735650816
903376994438369280
903325308952932362
903275237414678588
903304972278583306
903299488188334181
903237512787529728
903211396584595476
903332875376660502
903220666667515904
903857015162544148
903268101435572274
903328465804210226
903365529228705885
903229279851151400
903252268504215632
903334132296351785
903290913864945724
903351611047440424
903366234089873478
903797363137712170
903253837308100688
903367183210537011
903789352679800893
903374096824418334
903210267855454239
903343299425886328
903329845763772527
903210353935147038
903375486955163698
903241434709237781
903330267123568692
903335259381301248
903267982875197511
903332667934793778
903833070627586098
903275340288393216
903252662768767016
903956671494258708
903299940623728670
903225449457545216
903807693536518165
903313770225475645
903378010995060746
903223979546931220
903333446657638431
903309343984865330
903309438138593301
903233045799272450
903234679048642591
903232852177584199
903374507316748288
903298056127152228
903371910950301716
903366845237710868
903303711877660672
903372792509116417
903283955145519104
903226445613117460
903844307864289280
903230675019264060
903360386017947728
903360264131465266
903341945978490910
903937456989175848
903227211765653525
903807394805604463
903345460658450483
903217205624315915
903769584568524840
903256729834373140
903254096126025728
903345370405429319
903252329745235988
903302915131863103
903212987228229692
903357010148483092
903301580818886696
903245825730281515
903209415535128637
903762568550682725
903230036163846165
903292294554353725
903838384118714478
903364275488292885
903272648866422855
903319150775115837
903309638714413078
903280356160069693
903887281910317076
903325377798225960
903316450352169021
903350201987768331
903228003960651797
903327082753450025
903286650094911518
903305590242152468
903319310548746270
903268566013460481
903210329482342461
903263963700166707
903231434901303306
903366823813197955
958443152593784832
903376780470145034
903372934763147276
903340377749213194
903796898668871730
903249707667705886
903783990010458183
903332222084481057
903843173770612746
903374310322876426
903786049342431252
903270419161841775
903749777664143411
903219655768936469
903835249123926026
903307296212394025
903284057759178752
903369348465459250
903852265478164520
903239051002392596
903380238485049396
903282898776502283
903311064106663946
903279079015456859
903272617165864960
903299393267048508
903328722894065694
903352802292686880
903279659754598410
903288325023096852
903218226509545533
903891827264991243
903871246092103690
903323272328904704
903948247880581160
903311756745642074
903264883611684864
903795089069985842
903940926760697866
903320927805255761
903842627064049697
903315021260533880
903368762143682560
903317533837377627
903334377537282099
903825814334865458
903795333585305670
903233606288310302
903381163454918657
903888677686620170
903252968105734215
903235182277034014
903791013062123530
903196950315290625
903260887605972992
903235038420828211
903229385690218520
903281898250469458
903243016125440000
903314713306345502
903216380193689630
903376439859093524
903307920442294282
903323914841759775
903825826359959592
903328200933924904
903260230455009300
903839464667901972
903301620673167390
903810777520177173
903218739057684520
903314782092926987
903923632659644427
903282461763600454
903790048602886155
903342740492922961
903891446459949137
903765185959956531
903321617042636901
903274444145954818
903236538601713684
903266775901294622
903230908948176896
903362349828812900
903313878702784513
903319970912542721
903811528325746768
903217662665052210
903211153721806898
903905531071189024
903828299069919273
903320063803813890
903295800401076305
903866891754438716
903880675122380832
903216456748126249
903236517831516241
903221802896076830
903298042814414880
903790689438011392
903212805975584778
903824548913373274
903217373711073300
903856241732890647
903276342584442912
903254189185052692
903331886888263700
903217723427917826
903240926464446514
903369788997378120
903249754719408168
903367407366713465
903245370509914142
903810192569929738
903219368622719037
903236794689134673
903813763415830569
903213867017076756
903267237811597363
903251996465836132
903825879250124820
903309379066036286
903830426085359686
903379794643787797
903230550511329282
903215950285922345
903331360721215530
903284595443785849
903351200135643197
903372295127568404
903353012867698710
903308309027778632
903324245034151957
903215328463564811
903921717758529588
903277940647800905
903754141736775740
903293010308132944
903306004777803793
903962112299257880
903763329602949170
903269976792776715
903231743291699251
903195399974715432
903202178624270368
903343373509861407
903812336048025621
903331391524196375
903372472370466826
903262078234656828
903356185774817360
903823797713530931
903814942665371688
903218441824112640
903353499398578266
903338583782461513
903341845784969236
903851131149623338
903306630752505898
903887648752537611
903323972018524160
903796795707129906
903355476081803384
903274314164477962
903881874718470185
903374438303690802
903263568424742913
903239404615770143
903837936221585469
903346196519735306
903303251523436544
903358608593543178
903236740762992650
903247803218808842
903255840889384991
903252103680655421
903212368081870859
903250421924130887
903240492609859604
903792359890890752
903279268396687360
903252375249231902
903295217061494824
903324205834195015
903372830698274817
903258912843771965
903219293477535754
903332132695445525
903337204699504672
903802883244449892
903218310307512351
903242369560891422
903300525787856927
903336972045676686
903280731244085309
903837469244551169
903235162031132743
903786511957368882
903353387255484426
903246555350437888
903839313232539648
903264414638178314
903211440108867635
903373353983823924
903251791129485314
903329982141562880
903940225695367198
903361780833730650
903214500193402881
903221576865054770
903263371242135603
903370891881222164
903856251694366751
903298796405018634
903315904752910357
903212496993800233
903324138624675862
903257783212847144
903233085133447181
903250459626700820
903306073132400650
903343883465924678
903217128084209686
903247786957475930
903218890774036513
903288307880980560
903281207922540605
903330319174860850
903206305362219018
903297033337724959
903374816755732541
903793612465242162
903765370949730305
903256299922395157
903354423181443072
903378724676829254
903332700054765598
903208003057115156
903232883420987406
903223671911493655
903369898967842827
903823648790564904
903355043229622313
903309519713603595
903216672259837983
903283421856563232
903863389737058354
903804297966407720
903297902330392647
903365236143317013
903261370009661550
903215240093790208
903278122718359613
903285706758193272
903211104879149097
903829901826732053
903272323543597116
903364052938530896
903295853601648641
903241461267591200
903322934901370940
903875746408321054
903218564851453973
903255444691251250
903203464186822656
903211046892879902
903222153330196540
903264259465691186
903866860552978472
903370480248033330
903281925169479681
903331166181031967
903832449438588945
903740925870764082
903341913560744026
903248666679189515
903888652214607872
903228257862819860
903239177414533171
903204049732657214
903363025845760031
903243592846438460
903351226152943627
903300026716016650
903830817673990194
903306279857049661
903202627511279646
903233632020348980
903787795141779527
903342542140084225
903255081477099561
903212017505140776
903346147488329739
903297945158443038
903222484722135100
903237017985507369
903325691746058281
903830953938522213
903864950408216577
903300064087244802
903784766875254785
903258957529899038
903313192468496437
903211535722233916
903233334811983942
903276682503401523
903229171029925909
903733624673828905
903242285502853151
903368554852782081
903250339531202632
903306760599773204
958450333393248266
903258966803492864
903282146645540915
903352267695063142
903821558756298774
903372409200083014
903261757689167882
903381959697383495
903303640272486410
903343013709893634
903866342367723560
903823790729998359
903303604851580999
903844206110470225
903815687468908555
943857336013963265
943857607905534035
943857450740772864
943857469363453962
943857407291965461
943857353365815376
943857390841913364
943857598967468093
943857369706799114
903203289435365406
903370504461746186
903335851415719977
903255239392657428
903374058392014909
903831705046106223
903322833185275935
903260345316016148
903822390411272233
903334908263546900
903295372225560596
903835703295766538
903367038171496448
903865847687290970
903222398206222367
903946411324882994
903316171162517555
903373887411200060
903250183465361469
903773054432346122
903299841642336266
903232123299856385
903946441586786334
903314092914270249
903244572627456050
903792530582274099
903249299402547240
903306890551902228
903227674963607623
903349065973137489
903248972418793482
903377954128670770
903854712200241193
903372147416784948
903325989554237461
903353105574416385
903266670812987422
903953730653794344
903215218602147871
903933137132875776
903366712479608863
903305906018742302
903287458651865110
903370918930309150
903919326514532352
903287131110244383
903274819863347281
903326335009697852
903845229038280705
903372508907057234
903345905032388679
903361023652810783
903226262301061180
903832599393337416
903217746341396481
903232896951787580
903212220920500245
903344702982586368
903336676452073503
903251341571416154
903220877028651008
903958134823985193
903845903062949930
903328477254668298
903835955029483572
903789325660086352
903350553269137448
903861043229519894
903348716096872520
903788017632837632
903288090813157428
903352297994739712
903352093270769675
903264650257379350
903311183573024799
903306126714626048
903316448741564468
954322633934135296
903267192135614485
903227757239078942
903300639973584956
903207442253500417
903270474690211892
903325750587953232
903844763713802300
903942596206927872
903837594280943636
903824026340839424
903314613607739483
903287022800744458
903335590345449532
903378851613274172
903764008132288533
903826578616770560
903329199312490498
903824411277262858
903310467156545576
903236626203934771
903346777070137454
903370088013525002
903308593711947776
903225613794557972
903210978169221130
903247238967468113
903227248365158400
903198956799012884
903326874183286784
903309483407712307
903195580921184356
903292535760375858
903371536101175359
903260025118674994
903194024863727636
903838612733440000
903374591278338182
903351936521236552
903819242959429653
903282198575194123
903330125586788422
903772142175416340
903274808735842314
903223702236319744
903235962589573171
903338178465894453
903250813609185280
903276631949467679
903245233146433536
903374434499436594
903315087660564513
903317173169188924
903815514445459566
903226670381678686
903804907042242570
903304304092397618
903311928888279100
903217581022937139
903236427742064650
903207850170544148
903298758090051695
903837421605634108
903809334948020274
903288235260780564
903368587060858910
903218929336483911
903365856560562177
903256138609491988
903249341085515856
903267039702057052
903229490065453056
903202238124658738
903213773576355870
903224408729092126
903904012150140938
903263070976094240
903277032954286090
903840798888570950
903209184416399400
903881526079541260
903234847709990922
903327822330867773
903847217394229248
943871251682852874
903270525684555857
903370711878488135
903204908059222046
903304764257890324
903285701368492083
903351990178955265
903754577696915528
903214204448825344
903251318532087808
903361955866218516
958434915060432916
903291130584653924
903871715443109938
903357691576066049
903240551669837855
944276412062367786
903322156207861780
903260304006316073
903253298990166036
903306702089248818
903274459652292659
903266137024917504
903293698064916541
903352412792823808
903331917263429664
903310800209449031
903826738423951381
903784331007365131
903297153936543744
903236800712163389
903237300299902976
903790512841035796
903376248514961408
903943609768890369
903227425566117938
903308734174998558
903372368712458291
903228728727973910
903339020761833504
903226229321265163
903251799056719895
903377232871972864
903367850847260713
943872701800534037
903213558819594310
903747468351639622
903217388860899328
903831700201701406
903267038590541876
903735339590512781
903253464749080586
903371283641802752
903244048624664596
903246614813081631
903360099224006726
903830727802650696
903242701145800716
903348338513027132
903247376498696212
903256294268502056
903254514839212033
903373323226972190
903368446979489803
903229848753954876
903334131725893693
903348253070872597
903842967045959690
903359490706014228
903782332199215104
903288065659916338
903253761491865650
903229053476167710
903249769089073163
903849113882341456
903961909584330862
944276537753100308
903305773159972955
903227811328819241
903852641812119624
903306670728429568
903300676740866131
903294516302344282
903217489981358121
903286826347925504
903340609497075762
903310083155431511
903308833445806110
903236135596195841
903234018093432832
903379397942341662
903800277705064469
903278956256559124
903866884104011816
903226723208953907
903227361221283871
903370616760062013
903826491954036776
903282487386595369
903373367183282217
903929245905059871
903831479770030111
903315205482749974
903229828252184576
903347551279910922
903305235995447376
903311608514764841
903355539721973790
903279119243034685
903211646565089290
903203322092216351
903282852572037150
903214537862422548
903224575704301588
903353404733128774
903293009033052230
903370913381236787
903300998242648105
903830856857182238
903251684925521990
903306056317431889
903317002469376001
903821468566183967
903369192558968882
903214736089444373
958515108080934932
903298639747743824
903236560714088519
903864593611366461
903828707418968064
903228356110217246
903265924579196988
903347904268357683
903347060743503923
958436867110502420
903301862319599616
903795785022439474
903213068618719244
903353219143594055
903828517849010247
903262344044507146
903365387855487026
903234188520603668
903305577533415424
903940225200451594
903218957320880168
903217958241832960
903272192471609444
903249826660110357
903280248169312336
903221410359554059
903233474541027338
903318240791506994
903223704408981545
903370473398759424
903775962070659114
903256486468284426
944276357897158747
903822075976896594
903230000357056522
903914465030979634
903189235971002408
903263037274853447
903232901410336810
903225131076313139
903232840676806687
903822682515202129
903234527160328232
903207867455258625
903341830274441276
903200512487338045
903836873028407306
903206791565934595
903284307458654229
903954867347922944
903829016195235861
903354347210014730
